#NAME X Y Z SEFDR SEFDR FR_PAR FR_ELEV FR_OFF DR_RE DR_IM DL_RE DL_IM
EF       4033947.3     486990.8      4900431.0     25.0    25.0    1 0 0 0 0 0 0
IR       3183649.3     1276903.0     5359264.7     480.0   480.0   1 0 0 0 0 0 0
JB       3822846.8     -153802.3     5086285.9     300.0   300.0   1 0 0 0 0 0 0
MC       4461369.7     919597.1      4449559.4     840.0   840.0   1 0 0 0 0 0 0
NT       4934562.8     1321201.5     3806484.7     1100.0  1100.0  1 0 0 0 0 0 0
ON       3370965.9     711466.2      5349664.2     850.0   850.0   1 0 0 0 0 0 0
SR       4865183.5     791922.3      4035136.0     50.0    50.0    1 0 0 0 0 0 0
TR       3638558.5     1221969.7     5077036.8     650.0   650.0   1 0 0 0 0 0 0
WB       3828767.3     442446.2      5064921.6     1600.0  1600.0  1 0 0 0 0 0 0
YS       4848761.8     -261484.2     4123085.1     160.0   160.0   1 0 0 0 0 0 0
