#NAME X Y Z SEFDR SEFDR FR_PAR FR_ELEV FR_OFF DR_RE DR_IM DL_RE DL_IM
EF       4033947.3     486990.8      4900431.0     25.0    25.0    1 0 0 0 0 0 0
IR       3183649.3     1276903.0     5359264.7     480.0   480.0   1 0 0 0 0 0 0
JB       3822846.8     -153802.3     5086285.9     300.0   300.0   1 0 0 0 0 0 0
MC       4461369.7     919597.1      4449559.4     840.0   840.0   1 0 0 0 0 0 0
NT       4934562.8     1321201.5     3806484.7     1100.0  1100.0  1 0 0 0 0 0 0
ON       3370965.9     711466.2      5349664.2     850.0   850.0   1 0 0 0 0 0 0
SR       4865183.5     791922.3      4035136.0     50.0    50.0    1 0 0 0 0 0 0
TR       3638558.5     1221969.7     5077036.8     650.0   650.0   1 0 0 0 0 0 0
WB       3828767.3     442446.2      5064921.6     1600.0  1600.0  1 0 0 0 0 0 0
YS       4848761.8     -261484.2     4123085.1     160.0   160.0   1 0 0 0 0 0 0
HH       5085442.8     2668263.8     -2768696.8    700.0   700.0   1 0 0 0 0 0 0
S5       5109303.0     2065863.3     -3230973.0    3.1     3.1     1 0 0 0 0 0 0
S004     5109040.9     2063853.5     -3238686.0    330.0   330.0   1 0 0 0 0 0 0
S008     5108654.5     2064500.4     -3239044.2    330.0   330.0   1 0 0 0 0 0 0
S133     5104477.2     2073238.3     -3242137.6    330.0   330.0   1 0 0 0 0 0 0
KU       6346222.5     -35250.5      634244.2      330.0   330.0   1 0 0 0 0 0 0
NA       5632444.7     1730320.6     -2433598.7    330.0   330.0   1 0 0 0 0 0 0
BW       5216975.7     2534223.2     -2644711.1    330.0   330.0   1 0 0 0 0 0 0
ML       5127067.8     3792660.5     -97962.9      330.0   330.0   1 0 0 0 0 0 0
